RUS bone age (yr),Height (cm),Chronological age (yr),Constant,Residual SD (cm),r
4+,0.98,-5.7,87,3.8,0.76
5-0,0.98,-5.5,86,3.0,0.87
5-5,0.97,-5.3,86,3.0,0.87
6-0,0.96,-5.1,86,3.2,0.86
6-5,0.95,-4.9,85,3.2,0.86
7-0,0.94,-4.6,84,3.5,0.83
7-5,0.93,-4.4,83,3.5,0.83
8-0,0.92,-4.1,82,2.8,0.89
8-5,0.90,-3.8,81,2.8,0.89
9-0,0.88,-3.5,80,3.0,0.82
9-5,0.87,-3.2,79,3.0,0.82
10-0,0.86,-2.9,76,2.8,0.86
10-5,0.85,-2.6,73,2.8,0.86
11-0,0.84,-2.3,70,3.0,0.86
11-5,0.82,-2.0,68,3.0,0.86
12-0,0.80,-1.8,68,3.2,0.77
12-5,0.78,-1.7,67,3.2,0.77
Premenarcheal, , , , ,
13-0,0.76,-1.6,66,2.7,0.79
13-5,0.75,-1.6,66,2.7,0.79
Postmenarcheal, , , , ,
13-0,0.96,-4.3,67,1.8,0.93
13-5,0.97,-4.8,65,1.8,0.93
All girls, , , , ,
14-0,0.97,-0.5,12,1.1,0.98
14-5,0.98,-0.5,12,1.1,0.98
15-0,0.99,-0.4,9,0.7,0.99
15-5,0.99,-0.3,7,0.7,0.99